0,0,0,601,7678,19173,0xF76E0000010C0000000000FEBD400000000040B9D240
0,0,0,602,7338,14405,0xF76E0000010C0000000000AABC40000000008022CC40
0,0,0,603,6610,23087,0xF76E0000010C0000000000D2B94000000000C08BD640
0,0,0,604,8081,16317,0xF76E0000010C000000000091BF400000000080DECF40
0,0,0,605,7237,22137,0xF76E0000010C000000000045BC4000000000409ED540
0,0,0,606,4884,17417,0xF76E0000010C000000000014B340000000004002D140
1,1,1,607,5021,23058,0xF76E0000010C00000000009DB340000000008084D640
0,0,0,608,4104,24407,0xF76E0000010C000000000008B04000000000C0D5D740
0,0,0,610,3986,17609,0xF76E0000010C000000000024AF40000000004032D140
0,0,0,609,4248,15067,0xF76E0000010C000000000098B04000000000806DCD40
0,0,0,612,5104,20554,0xF76E0000010C0000000000F0B340000000008012D440
0,0,0,613,5272,24305,0xF76E0000010C000000000098B4400000000040BCD740
0,0,0,614,5342,24628,0xF76E0000010C0000000000DEB44000000000000DD840
0,0,0,615,6623,20973,0xF76E0000010C0000000000DFB94000000000407BD440
0,0,0,616,6512,19953,0xF76E0000010C000000000070B94000000000407CD340
0,0,0,617,7857,18850,0xF76E0000010C0000000000B1BE40000000008068D240
0,0,0,618,4794,18928,0xF76E0000010C0000000000BAB24000000000007CD240
0,0,0,612,6691,16016,0xF76E0000010C000000000023BA40000000000048CF40
0,0,0,611,6950,26226,0xF76E0000010C000000000026BB4000000000809CD940
0,0,0,603,7210,23435,0xF76E0000010C00000000002ABC4000000000C0E2D640